IS_CONSECUTIVE=0;
THREADS_NUM=2;
ITERATIONS_NUM=10;
MIN_X=-100;
MAX_X=100;
MIN_Y=-100;
MAX_Y=100;
A=20;
B=0.2;
C=6.28318530718;
STANDARD=857208.2414;
RELATIVE_ERROR=0.0001;
ABSOLUTE_ERROR=85.72082414;
